
$orca_hessian_file

$act_atom
  4

$act_coord
  2

$act_energy
     -189.403315

$hessian
15
                    0                  1                  2                  3                  4        
    0      1.1143812510E+00   5.2948738273E-01  -3.7692632373E-02  -5.3680329162E-01   1.2274357073E-01
    1      5.2948738273E-01   3.3954984661E-01  -3.3189789064E-03  -5.3155996834E-02  -1.3070401506E-01
    2     -3.7692632373E-02  -3.3189789064E-03   1.4261809635E-01  -2.1257483940E-02   2.1138415227E-02
    3     -5.3680329162E-01  -5.3155996834E-02  -2.1257483940E-02   6.6644865658E-01  -5.6943434176E-02
    4      1.2274357073E-01  -1.3070401506E-01   2.1138415227E-02  -5.6943434176E-02   7.2215593227E-02
    5     -5.4229973594E-02   9.5838774280E-03  -6.7166279637E-02   5.1986903705E-02  -1.1221614380E-02
    6     -6.5477991325E-01  -3.9074565339E-01   3.6006033793E-02  -4.9279876632E-02  -6.5776494307E-02
    7     -4.6070138550E-01  -3.1885442026E-01   2.0061013866E-02  -3.0039356716E-03   4.2668327001E-02
    8      4.9384489441E-02   2.4418248596E-02  -6.0179359540E-02  -4.0977255201E-03  -8.1258244155E-03
    9     -7.7619739557E-02   5.4253181348E-02  -1.3081128742E-02  -9.9670727986E-03   7.1905732685E-02
   10     -4.9521948187E-02   6.2830150453E-02  -2.2451955196E-02   5.3866330743E-02   8.4767419438E-03
   11      6.8302313267E-03  -1.5928897910E-02  -3.5114082043E-02  -1.2521537860E-02   7.8000043584E-03
   12      1.5453423589E-01  -1.3993107147E-01   3.6027379634E-02  -7.0329540884E-02  -7.1883005271E-02
   13     -1.4204088134E-01   4.7145123949E-02  -1.5423683234E-02   5.9268869631E-02   7.3518556464E-03
   14      3.5793565575E-02  -1.4647647008E-02   1.9584123246E-02  -1.4164713652E-02  -9.6126823352E-03
                    5                  6                  7                  8                  9        
    0     -5.4229973594E-02  -6.5477991325E-01  -4.6070138550E-01   4.9384489441E-02  -7.7619739557E-02
    1      9.5838774280E-03  -3.9074565339E-01  -3.1885442026E-01   2.4418248596E-02   5.4253181348E-02
    2     -6.7166279637E-02   3.6006033793E-02   2.0061013866E-02  -6.0179359540E-02  -1.3081128742E-02
    3      5.1986903705E-02  -4.9279876632E-02  -3.0039356716E-03  -4.0977255201E-03  -9.9670727986E-03
    4     -1.1221614380E-02  -6.5776494307E-02   4.2668327001E-02  -8.1258244155E-03   7.1905732685E-02
    5      3.7873611668E-02   7.9388580718E-03  -4.1208993721E-03   2.3262335628E-02  -1.6070185329E-02
    6      7.9388580718E-03   7.2525077594E-01   4.5981607984E-01  -4.2475998035E-02   4.7518944318E-03
    7     -4.1208993721E-03   4.5981607984E-01   3.6397545085E-01  -3.4928761211E-02  -3.9863190686E-02
    8      2.3262335628E-02  -4.2475998035E-02  -3.4928761211E-02   2.9538215156E-02   7.1268523107E-03
    9     -1.6070185329E-02   4.7518944318E-03  -3.9863190686E-02   7.1268523107E-03   9.6428936975E-02
   10      6.5985869447E-03  -9.7611921854E-03  -5.0724307303E-02   1.1288444752E-02  -5.1598222962E-02
   11      2.1967145555E-02   1.3745086393E-03   9.2013643474E-03   9.9452834967E-03   1.4630649321E-02
   12      1.0368528220E-02  -2.5748458093E-02   4.3860959074E-02  -9.9469736560E-03  -1.3606480532E-02
   13     -8.3948740743E-04   6.4566220485E-03  -3.7072836294E-02   7.3481891918E-03  -3.4696004377E-02
   14     -1.5893553642E-02  -2.8615550303E-03   9.7502582814E-03  -2.3727145680E-03   7.3274153044E-03
                   10                 11                 12                 13                 14        
    0     -4.9521948187E-02   6.8302313267E-03   1.5453423589E-01  -1.4204088134E-01   3.5793565575E-02
    1      6.2830150453E-02  -1.5928897910E-02  -1.3993107147E-01   4.7145123949E-02  -1.4647647008E-02
    2     -2.2451955196E-02  -3.5114082043E-02   3.6027379634E-02  -1.5423683234E-02   1.9584123246E-02
    3      5.3866330743E-02  -1.2521537860E-02  -7.0329540884E-02   5.9268869631E-02  -1.4164713652E-02
    4      8.4767419438E-03   7.8000043584E-03  -7.1883005271E-02   7.3518556464E-03  -9.6126823352E-03
    5      6.5985869447E-03   2.1967145555E-02   1.0368528220E-02  -8.3948740743E-04  -1.5893553642E-02
    6     -9.7611921854E-03   1.3745086393E-03  -2.5748458093E-02   6.4566220485E-03  -2.8615550303E-03
    7     -5.0724307303E-02   9.2013643474E-03   4.3860959074E-02  -3.7072836294E-02   9.7502582814E-03
    8      1.1288444752E-02   9.9452834967E-03  -9.9469736560E-03   7.3481891918E-03  -2.3727145680E-03
    9     -5.1598222962E-02   1.4630649321E-02  -1.3606480532E-02  -3.4696004377E-02   7.3274153044E-03
   10      3.4224916957E-02  -5.8162896664E-03   5.7001888530E-02  -5.4791806667E-02   1.0369669013E-02
   11     -5.8162896664E-03   2.2739246883E-02  -1.0311914877E-02   4.7409634927E-03  -1.9547735369E-02
   12      5.7001888530E-02  -1.0311914877E-02  -4.4813134552E-02   1.1096179877E-01  -2.6083592719E-02
   13     -5.4791806667E-02   4.7409634927E-03   1.1096179877E-01   3.7384565331E-02   4.1376854948E-03
   14      1.0369669013E-02  -1.9547735369E-02  -2.6083592719E-02   4.1376854948E-03   1.8260503682E-02

$vibrational_frequencies
15
    0        0.000000
    1        0.000000
    2        0.000000
    3        0.000000
    4        0.000000
    5        0.000000
    6    -2280.355793
    7      572.425577
    8      734.744339
    9      853.809791
   10     1083.290845
   11     1359.600200
   12     1667.674477
   13     2025.598735
   14     2155.127013

$normal_modes
15 15
                    0                  1                  2                  3                  4        
    0      0.0000000000E+00   0.0000000000E+00   0.0000000000E+00   0.0000000000E+00   0.0000000000E+00
    1      0.0000000000E+00   0.0000000000E+00   0.0000000000E+00   0.0000000000E+00   0.0000000000E+00
    2      0.0000000000E+00   0.0000000000E+00   0.0000000000E+00   0.0000000000E+00   0.0000000000E+00
    3      0.0000000000E+00   0.0000000000E+00   0.0000000000E+00   0.0000000000E+00   0.0000000000E+00
    4      0.0000000000E+00   0.0000000000E+00   0.0000000000E+00   0.0000000000E+00   0.0000000000E+00
    5      0.0000000000E+00   0.0000000000E+00   0.0000000000E+00   0.0000000000E+00   0.0000000000E+00
    6      0.0000000000E+00   0.0000000000E+00   0.0000000000E+00   0.0000000000E+00   0.0000000000E+00
    7      0.0000000000E+00   0.0000000000E+00   0.0000000000E+00   0.0000000000E+00   0.0000000000E+00
    8      0.0000000000E+00   0.0000000000E+00   0.0000000000E+00   0.0000000000E+00   0.0000000000E+00
    9      0.0000000000E+00   0.0000000000E+00   0.0000000000E+00   0.0000000000E+00   0.0000000000E+00
   10      0.0000000000E+00   0.0000000000E+00   0.0000000000E+00   0.0000000000E+00   0.0000000000E+00
   11      0.0000000000E+00   0.0000000000E+00   0.0000000000E+00   0.0000000000E+00   0.0000000000E+00
   12      0.0000000000E+00   0.0000000000E+00   0.0000000000E+00   0.0000000000E+00   0.0000000000E+00
   13      0.0000000000E+00   0.0000000000E+00   0.0000000000E+00   0.0000000000E+00   0.0000000000E+00
   14      0.0000000000E+00   0.0000000000E+00   0.0000000000E+00   0.0000000000E+00   0.0000000000E+00
                    5                  6                  7                  8                  9        
    0      0.0000000000E+00   7.6326948820E-02  -2.2230401315E-02  -1.2421642323E-01   2.8096069321E-02
    1      0.0000000000E+00  -7.3416284991E-02   6.7652811119E-02   5.6918599555E-01   3.9776357661E-02
    2      0.0000000000E+00   1.9044629852E-02   3.2734754144E-01  -1.2686396839E-01  -1.0829948695E-02
    3      0.0000000000E+00  -1.7890528127E-02   4.1970000137E-03  -2.8451615324E-01   5.6571940984E-02
    4      0.0000000000E+00  -2.8587758811E-02  -1.4048735957E-02  -3.4605305085E-01  -3.2793698305E-02
    5      0.0000000000E+00   4.2845879173E-03  -5.9302550309E-02   4.9952172619E-02   1.1444361388E-02
    6      0.0000000000E+00  -3.5354945716E-03   9.6444935688E-03   3.9785125018E-01  -1.1683251369E-02
    7      0.0000000000E+00   2.6320350946E-02  -2.3837979741E-02  -1.1887845781E-01   4.6865930574E-02
    8      0.0000000000E+00  -5.2914978152E-03  -1.2317500020E-01   5.2133554803E-02  -8.1032063012E-03
    9      0.0000000000E+00   1.4783028235E-01  -1.1975468508E-03  -5.5549395690E-02  -5.5728071910E-01
   10      0.0000000000E+00   3.8609983746E-01  -3.2503362575E-02   2.3210236297E-01  -6.5341218791E-01
   11      0.0000000000E+00  -6.2954383336E-02  -9.5306280653E-02  -3.4675549404E-02   1.0243597367E-01
   12      0.0000000000E+00  -7.1724302553E-01   4.6395259517E-02  -2.6318548188E-01  -4.8997725091E-01
   13      0.0000000000E+00   5.2469307668E-01  -1.7228666710E-01   3.6506650051E-01  -4.3904752506E-02
   14      0.0000000000E+00  -1.4799353104E-01  -9.0897247893E-01  -7.3961780617E-02  -2.6420722134E-02
                   10                 11                 12                 13                 14        
    0      5.9206076159E-03  -2.1361313851E-01  -3.2278533638E-02  -5.8380885955E-03  -5.9688157066E-01
    1     -2.1372026438E-02   2.9339596107E-01  -1.3272201705E-02   3.6733393832E-02  -2.5532331788E-01
    2     -1.0783010835E-01  -7.0262749002E-02   4.1286614447E-04  -7.5237465729E-03   9.8564144416E-03
    3     -3.0228527363E-03   4.1631113352E-01   3.1010580384E-02  -1.1738960523E-02   1.5854367306E-01
    4      1.1354905271E-02  -4.1442401594E-02  -7.2201488041E-03   2.9800798910E-02  -8.7846963494E-03
    5      5.2560081981E-02   3.4592651074E-02   3.4964158290E-03  -6.5886189025E-03   1.1936544736E-02
    6     -2.5829613830E-03  -2.5380064674E-01   3.2867742754E-02  -1.8704351212E-03   2.7934300571E-01
    7      3.1917410834E-03  -2.3827120161E-01   2.3398511677E-02  -1.1332549397E-02   1.8930256021E-01
    8      2.3685929325E-02   2.9368038266E-02  -2.3520246666E-03   2.1870612192E-03  -1.7954542920E-02
    9     -3.1990478674E-02   2.0971272689E-01  -3.4492216626E-01   7.1709282248E-01   3.0692409020E-01
   10      1.4734197965E-01   4.8978238466E-01   5.6849800310E-01  -2.7424027893E-01  -2.9430303584E-01
   11      7.2330045393E-01  -9.0237578310E-02  -1.2939769621E-01   9.5839581622E-02   7.4431794253E-02
   12      5.0418060043E-02  -2.4373839296E-01  -2.8433559599E-01  -4.3151940677E-01  -1.4482530901E-01
   13     -1.2356458428E-01   4.5382778322E-01  -6.6713412704E-01  -4.5659138503E-01   4.7146877699E-01
   14     -6.4861047720E-01  -8.7719951937E-02   1.0631431381E-01   6.3672562686E-02  -9.6359811030E-02

#
# The atoms: label  mass x y z (in bohrs)
#
$atoms
5
 C     12.01100      0.307301453108     0.766703792233    -0.125812050930
 O     15.99900     -2.061176537818     0.675585389759    -0.262940646921
 O     15.99900      2.112226430743     2.034238955936    -0.250857967433
 H      1.00800      0.801819519004    -1.890202069061     0.413637098653
 H      1.00800     -1.160168975312    -1.586326068867     0.225975456357

$actual_temperature
  0.000000

$frequency_scale_factor
  1.000000

$dipole_derivatives
15
    1.5654514800E+00    2.9368761745E-01    2.0996938664E-02
    4.5003327703E-01    2.1450054603E+00   -3.0541252938E-01
   -1.0216980809E-02   -3.1170870671E-01    4.5300408309E-01
   -1.1237765117E+00    3.4524622232E-01   -1.1676490807E-01
    3.8995478212E-01   -7.6651446971E-01    1.0613518293E-01
   -1.2577540649E-01    1.0715216336E-01   -3.5125242775E-01
   -8.4747930236E-01   -4.4556342677E-01    4.3815471130E-02
   -4.4550394134E-01   -8.9344987262E-01    9.4697595448E-02
    4.6536553618E-02    9.7659277907E-02   -2.5162240690E-01
   -3.0053271173E-01   -5.1136459114E-02   -3.6289728356E-03
   -2.7994432167E-02   -5.8298797238E-01    9.1467980623E-02
   -5.3613515309E-03    8.4207851412E-02   -1.1108299022E-01
    7.0950682323E-01   -1.4156593321E-01    5.5512617474E-02
   -3.6569894658E-01    9.8200265582E-02    1.3118392332E-02
    9.7051445414E-02    2.0225048586E-02    2.6672784531E-01

#
# The IR spectrum
#  wavenumber T**2 TX TY  TY
#
$ir_spectrum
15
      0.00       0.0000       0.0000       0.0000       0.0000
      0.00       0.0000       0.0000       0.0000       0.0000
      0.00       0.0000       0.0000       0.0000       0.0000
      0.00       0.0000       0.0000       0.0000       0.0000
      0.00       0.0000       0.0000       0.0000       0.0000
      0.00       0.0000       0.0000       0.0000       0.0000
  -2280.36       0.0000       0.0000       0.0000       0.0000
    572.43       1.4654      -0.0830       0.3235      -1.1635
    734.74     165.9457      -3.4282      12.1520      -2.5537
    853.81     337.0428      -5.1553      17.2134      -3.7635
   1083.29      79.6378       0.6704      -1.9932      -8.6727
   1359.60     199.1287      -9.3468      10.2793      -2.4703
   1667.67     155.7436       0.2421     -12.2761       2.2320
   2025.60     130.5097      -9.2228       6.4791      -1.8629
   2155.13     533.5060     -21.5877      -8.2121       0.1919

$job_list
15
    0    1    1    1
    1    1    1    1
    2    1    1    1
    3    1    1    1
    4    1    1    1


$end

